00000000000000000000000000000000
00000000000000000000000000000000
00000000000000000000000000000000
00000000000000000000000000000000
00000000000000000000000000000000
00000000000000010001000000000000
00000000000000100001000000000000
00000000000000100001000000000000
00000000000001000001000000000000
00000000000001000001000000000000
00000000000011000001000000000000
00000000000111000001000000000000
00000000000110000011000000000000
00000000001110000010000000000000
00000000001100000011000000000000
00000000011000000010000000000000
00000000011000000010000010000000
00000000110000000010001111000000
00000001100000000010111100000000
00000001100000010111100000000000
00000001000011110010000000000000
00000011111100000010000000000000
00000111000000000010000000000000
00000000000000000010000000000000
00000000000000000010000000000000
00000000000000000110000000000000
00000000000000000110000000000000
00000000000000000000000000000000
00000000000000000000000000000000
00000000000000000000000000000000
00000000000000000000000000000000
00000000000000000000000000000000
