00000000000000000000000000000000
00000000000000000000000000000000
00000000000000000000000000000000
00000000000000000000000000000000
00000000000000000010000000000000
00000000000000000111111000000000
00000000000011111111111110000000
00000000001011111110111110000000
00000000011111110100001110000000
00000000011111000000000000000000
00000000111100000000000000000000
00000000111100000000000000000000
00000000111100000000000000000000
00000000111000000000000000000000
00000001111000000000000000000000
00000001110000000000000000000000
00000001111110000000000000000000
00000011111111111000000000000000
00000001111111111100000000000000
00000001110000011111000000000000
00000011100000001111000000000000
00000011100000000111000000000000
00000011100000000111000000000000
00000001111100101111000000000000
00000011111111111110000000000000
00000000011111111100000000000000
00000000000111100000000000000000
00000000000000000000000000000000
00000000000000000000000000000000
00000000000000000000000000000000
00000000000000000000000000000000
00000000000000000000000000000000
