00000000000000000000000000000000
00000000000000000000000000000000
00000000000000000000000000000000
00000000001111111100000000000000
00000000011111111111100000000000
00000000011000000111100000000000
00000000111100000011110000000000
00000001111000000001110000000000
00000000110000000001110000000000
00000001110000000111110000000000
00000000110000000111100000000000
00000000111100011111000000000000
00000000111110111111000000000000
00000000111110111110000000000000
00000000011111111100000000000000
00000000001111110000000000000000
00000000000011111100000000000000
00000000000111111111100000000000
00000000000111000111110000000000
00000000000111000011110000000000
00000000001111000011110000000000
00000000001110000001110000000000
00000000001100000001110000000000
00000000001100000001110000000000
00000000001111111111110000000000
00000000001111111111100000000000
00000000001111111110000000000000
00000000000000000000000000000000
00000000000000000000000000000000
00000000000000000000000000000000
00000000000000000000000000000000
00000000000000000000000000000000
