00000000000000000000000000000000
00000000011111111111100000000000
00000000110000000001111110000000
00000001100000000000001110000000
00000011000000000000000110000000
00000011000000000000000110000000
00000110000000000000000110000000
00000110000000000000000110000000
00000110000000000000000110000000
00000110000000000000000110000000
00000110000000000000000110000000
00000110000000000000000110000000
00000110000000000000001110000000
00000110000000000000001111000000
00000010000000000000011011000000
00000011000000000000110011000000
00000011000000000001100011000000
00000001000000000011000011000000
00000001111100001110000011000000
00000000001111111000000010000000
00000000000000000000000010000000
00000000000000000000000010000000
00000000000000000000000110000000
00000000000000000000000110000000
00000000000000000000001111111100
00000000000000000001111110000000
00000000000000000001111110000000
00000000000000000000000111100000
00000000000000000000000100110000
00000000000000000001101100110000
00000000000000000001111000110000
00000000000000000001110000110000
