00000000000000000000000000000000
00000000000000000000000000000000
00000000000000000000000000000000
00000000000000000111100000000000
00000000000000011111110000000000
00000000000011111111111000000000
00000000001111111000111000000000
00000000011111000000011100000000
00000000011100000000011100000000
00000000111000000000001100000000
00000000110000000000001110000000
00000001110000000000001110000000
00000001110000000000001110000000
00000011100000000000001110000000
00000011100000000000001110000000
00000011100000000000001110000000
00000011000000000000000110000000
00000111000000000000000110000000
00000111000000000000000110000000
00000111000000000000000110000000
00000111000000000000000110000000
00000111000000000000001110000000
00000111000000000000001110000000
00000011000000000000001110000000
00000011100000000000001110000000
00000001110000000000011100000000
00000000111100000000011100000000
00000000011110000001111000000000
00000000001111111111110000000000
00000000000011111111100000000000
00000000000000011100000000000000
00000000000000000000000000000000
