00000000000000000000000000000000
00000000000000000000000000000000
00000000111100000000000000000000
00000111111111100000000000000000
00001111111111111000000000000000
00011111111111111100000000000000
00111110000001111110000000000000
00111100000000011110000000000000
00111000000000001110000000000000
00000000000000001110000000000000
00000000000000011110000000000000
00000000000000011110000000000000
00000000000000011100000000000000
00000000000000111100000000000000
00000000000001111100000000000000
00000000000001111000000000000000
00000000000001111000000000000000
00000000000011110000000000000000
00000000000011110000000000000000
00000000000111100000000000000000
00000000001111000000000000000000
00000000001111000000000000000000
00000000011110000000000001111110
00000000011100000011111111111110
00000000111111111111111111111110
00000001111111111111111111000000
00000001111111111110000000000000
00000011111110000000000000000000
00000001110000000000000000000000
00000000000000000000000000000000
00000000000000000000000000000000
00000000000000000000000000000000
