00000000000000000000000000000000
00000000000000000000000000000000
00000000000000000000000000000000
00000000000000010000000000000000
00000000000000110011000000000000
00000000000001110011000000000000
00000000000001100011000000000000
00000000000011100011000000000000
00000000000011000011000000000000
00000000000111000011000000000000
00000000000110000011000000000000
00000000001110000111000000000000
00000000001110000111000000000000
00000000001100000110000000000000
00000000011100000110000000000000
00000000111000000110000001000000
00000001110000000110001111100000
00000001100000000111111111000000
00000011100000001111111000000000
00000011000111111111000000000000
00000111111111110110000000000000
00001111111100000110000000000000
00001111000000000110000000000000
00000000000000000110000000000000
00000000000000001110000000000000
00000000000000001110000000000000
00000000000000001110000000000000
00000000000000000000000000000000
00000000000000000000000000000000
00000000000000000000000000000000
00000000000000000000000000000000
00000000000000000000000000000000
