00000000111111111111100000000000
00000001111111111111111110000000
00000011110000000011111110000000
00000111100000000000001110000000
00000111000000000000001110000000
00001111000000000000001110000000
00001110000000000000001110000000
00001110000000000000001110000000
00001110000000000000001110000000
00001110000000000000001110000000
00001110000000000000001110000000
00001110000000000000001111000000
00001110000000000000011111000000
00001110000000000000111111000000
00001111000000000001111111000000
00000111000000000011110111000000
00000111000000000111100111000000
00000111111110011111000111000000
00000011111111111110000111000000
00000000011111111000001111000000
00000000000000000000001110000000
00000000000000000000001110000000
00000000000000000000001110001100
00000000000000000000111111111110
00000000000000000011111111111110
00000000000000000011111110000000
00000000000000000011111111100000
00000000000000000000011111110000
00000000000000000011111101110000
00000000000000000011111101110000
00000000000000000011111001110000
00000000000000000011111111110000
